4489855052
3874333353
0023372680
0061670391
1467115691
1380088364
2722646511
0650808622
0559077769
4370043611
3874485846
4898948081
1861042140
0930633636
1463434510
3980339297
3980429725
2939963657
2410009484
0490306063
0042894972
0559323255
0653102119
0036541710
0061371564
1828888451
0018807267
4218489661
0039413454
0040153460
1601452160
0061751863
0071487255
2593208163
0019837453
2595573721
1899529748
6039495499
1652523693
0622082248
3874327795
5459318521
0937617601
5099511554
1249413990
0931357187
2052211111
0054952026
2851130137
0050530380
0042917700
2595716115
0044697813
0060435291
0078510848
1284325512
5459900557
1373728698
5189315797
3257589484
1080365451
0253135907
0321437871
2659797765
0061285560
3850284964
0067571050
0015778916
1600107184
0066585821
0040891410
4040596854
1728888239
0043907369
0080731457
0055183654
0450360601
0075615541
0493258221
1189808919
0530729393
3250374881
0559136821
1199597201
4322772420
1520588240
2870227493
0061811912
0064918947
0044905505
6599393543
0041296801
0938537539
3256338781
0492527652
5389285603
4281389113
0076706321
5449278799
5939975933
1738161447
0320092720
0036707244
4491168652
0920911560
3930180340
5599649210
0066496535
5560179086
0422010911
5219959786
5890098586
0422166480
0420992340
1189266016
0421788798
6449327685
0421271809
0420423801
4270899301
0056732708
1450435165
2594667544
6340054064
0919150209
2259526381
1532047711
0061403581
3620818721
0201563002
0082319332
0022929169
0025543601
6179747271
0203266285
0082791831
0252292588
1671723368
0420886982
4848591341
6259628099
0600253791
0052239004
0490133861
1261533682
0042185157
6029867644
3933085012
3258838275
3800877937
6680220661
0069908508
4160071201
1377678466
0051371391
0034965505
1671694740
0251209881
3733247027
4200016591
0439925061
2140653742
3839955475
6309471244
4132101975
0589808631
4898767141
4569184219
0153800607
4591543722
4899683049
2649273895
1550412396
1989277314
2391039026
4284665464
0889304831
4899662726
0027955524
0071578420
5779744475
4010064757
1249564530
0062604937
1651847436
0638937086
0037256238
0076788849
1159654859
1278293981
3250267856
0060676086
0451373820
1466956127
0203454367
0602784921
5099478700
4250988279
0320903281
0067749755
2595310372
2721516361
2120278261
0051133504
0049457004
2802433520
1816603503
0069719411
1287911528
6178743610
4898482554
0492626871
0060104503
0492549036
1651814511
5770089644
0068047304
2691103331
0490758967
0057896364
6019811859
2061779832
6159297503
5560316601
5179127327
4849391321
0493143009
2720572713
0065144724
1971252573
5560447021
6029589891
0072621230
0060126280
0322731054
1464666431
5889322222
0050674528
0322919991
4579126211
4910750738
3091107353
3308980721
0073449989
1652374043
0076987991
5879632776
0314690018
5889953710
4371779980
1533011303
1463357540
6359239639
3300119987
4282522631
5779665001
2649378816
1660370760
6359308258
2709522357
1652859152
4910025197
5560401498
4849239803
0078805694
3962074473
2960310111
5770083484
1638485161
5040179871
0451972619
0046236155
2721568337
5199900579
4491089371
0321298810
0049994522
2283176591
2121741501
4218840598
0012061417
0039787761
0042580617
1746296038
1757477071
0320186032
1249688541
0558164633
0650131649
1263176410
0452182751
5659640117
0041528883
0602203538
1219557633
1971152031
0451883330
3934709631
0453342779
0050572334
3932721578
0154941352
0931843766
5849496531
4430855528
0068199759
0491276672
3256200788
0044179308
0453453910
1753384311
0532645693
0078836107
0067458221
0061273058
3860556711
0031094228
1466839198
2295659922
0420400087
0154278467
2142559654
0071671544
0083931971
0030121752
0039861481
0072489812
0082918104
1690529202
6399979293
4578989471
3930662681
0072595124
0450909271
1827964014
0057598738
4839630836
0251769501
0044410638
0440832217
0077951840
0016100441
3862773973
5041034699
0041420829
6038866035
0441505856
6599384171
6029713531
0060130997
0533849349
0046396731
4570382746
5859524870
3874381201
2909031837
5329680921
2295264091
5369725306
4060523021
1550353837
5979528318
2060862371
3520906031
0067045936
4989325631
6139645530
0902311931
0059594251
5899889977
0652976271
0451586077
1466075600
0066796024
3872678841
0452726158
2678117499
4285847991
0046757392
4840324522
4969325669
0027614875
3070829198
0559264811
2269486749
2230034782
3933284384
0934725901
5249376932
0680162127
0384410332
4889368221
4500260331
3070932002
5379783473
1378795581
4929292522
0939692015
5179611199
4072149632
5519922837
5059204642
1376360004
1719226024
1754022219
2295092612
0731655818
1819357570
2295897823
0047470976
5579545533
0452509025
4898271936
0151060347
1063885353
0439239095
4609853851
4500124764
4569218059
5309819568
5309450882
2181516103
0652484689
4609424622
0793004020
5209748121
4569566235
4569512569
4569680682
5309922849
0035912499
4578923029
4570082270
4579463171
4591994201
0839310961
2239797037
4591913406
4591609510
3731683733
0317017985
3781450104
0323307574
0311438458
2940093210
0311296777
1620435861
0312179871
2298009805
0310298687
3309312011
5849669973
0311173349
1600911145
0315356642
4899855850
5539352491
4890266836
4898206190
0311672124
1602099618
5198606154
2710690128
4902109107
6229885069
4839499225
0311406289
1639075607
3872563998
1533640688
0311818242
1380257808
0072676681
1650556772
6159731823
4890407618
1600366317
0041977009
0040670880
6040091533
1911048686
4380028811
1638591431
2659793972
4849595464
0311164005
1602625751
0381362035
5560712851
2900029902
3800107163
2210005930
0740621238
0041206002
1602998256
5389530144
0323878113
0313960607
0602249694
0311604854
0075869251
4890104860
0322752787
3992582681
0311817939
0316973793
5099861571
4311353944
5599039021
4311050021
2721699261
5900046001
4324625514
4324403457
4390851144
5099903878
5909979191
5809973760
4324655553
5949966376
5940073001
5889932985
5889624210
4321246407
4310911196
4323386893
4323328109
5890153447
5099035991
5099681913
5099914918
5590027888
0311005081
4391438951
4390627481
4391611368
1373953314
5099964141
4321306116
4310787924
4380926087
4380015572
1530609054
0203637305
3871358053
0932204538
2219515591
1453276505
5810146988
3369787059
3254156234
3329694769
2470336783
3370062135
3960502850
1980177244
4010673699
3930815567
3360514386
6139551560
2753371581
0558172369
2431432092
4281772677
4372425252
1751062309
4690555397
0671422588
5100386843
5499827184
3810817635
0681355591
5869736641
1756355290
4198977550
1376350750
1570799210
1219415006
2450722777
3071512041
4620977616
4060464961
3640343034
0872343650
4898822010
6049780498
4218419655
4969311171
1550315625
0385274841
0373180349
0382754840
0383356180
5449190761
0384206891
0381290352
6339835600
0791277143
3662146444
6360185989
0382999037
3782443977
0311295207
0386166617
3800461201
6369745006
0383093775
0385404719
6149764133
0382475925
0385266881
0828219257
0602438365
0385048076
0600360709
6189874266
0602412676
0603385710
1930782837
0590315579
1600775081
6180085201
0589704699
4171506549
0067639976
0050139371
5609658500
0381855503
0371694833
0083112359
0380961458
3258805237
0384929168
0370881915
0602568250
4371391346
0375581278
0889840911
0559110960
0312866291
2062889917
1754238221
0533286700
1971642894
0531004945
0533130077
6179283826
5719251561
0532289900
0532222407
5990126379
4849568440
0558171427
5718835251
5719119264
5719802797
5719592725
5719173668
5719279474
5719041095
5718819521
6178773439
6179582394
5939955835
0579730387
0569775752
6178802927
0560188161
0560075103
0559078749
0559830351
6199535812
1262748070
6199354850
1263345794
1376457911
6199477154
5418732455
1280879173
5659588573
1287538215
6609774528
1291283048
1291334068
1282324624
6199808691
0037669680
1275012752
2290937169
1286679508
1756793255
1282300199
1288183917
1284627314
4623158926
0321249186
1289246866
1285350065
1283282216
1288572621
1189822199
5659251481
5659371140
5649885974
1287202926
5419219611
2180341717
1292165545
3161092716
0066308240
1189797976
5649410844
1271008106
1960511262
1829050478
1272408991
1288291434
1280798981
1283932709
1275211097
0453760491
6209702511
3620964963
1091486468
1281762229
1292890886
1290640165
1289057516
1273166973
1282500880
1111413991
5419121867
5419204037
1817432095
1754441610
5499141533
5659620914
5659187269
4859573315
1110816553
1971592846
0920880665
1293219411
1131300416
1130010015
1141912058
1142454118
5759534912
1142042928
1130368653
6209858511
5759840266
5499488691
2000761224
1092115791
5499237514
1080412972
1092079645
4622783495
1080738118
1080392211
4689770549
6209693628
1280898046
1091948811
1199033324
1199926809
1209540282
0037143956
5419578182
4621733060
4689968691
4670272993
4678953061
4679047364
0068183461
4670500678
4679942312
6339858661
4620750956
4621462911
4679777321
4610618419
4610607646
5759405594
6339685137
4620132292
0945036647
4650458285
4650577594
4650746329
4650150957
4650618061
5659280730
2709038102
4650502543
3579948709
2259934137
4230407572
1841894362
4620768863
4620597805
4650623626
4650529565
6329879532
6320050551
6320000384
6329817677
4669717391
4689644926
4660295370
6299953500
1830130005
1200160010
6210021621
5750062708
4650410657
4689962855
4650444802
4650537010
4650548683
5659914403
2296246974
1249763576
1240074085
4430552711
2899826174
4420928026
4432676531
4431498788
1189954427
1188922696
4432815183
0059702559
4469254673
4469300861
5529827497
4450015312
5439885889
4459327511
3674465957
4449681630
4421035300
5430033898
4489866232
4489438826
4449876490
5189814221
2593926341
2580428690
1660975026
4432331151
4433219193
5169494300
5699321977
2592715282
5699934731
2677979901
2592829741
2593778849
6539776705
2590821239
2594431397
5699466673
2582398373
5690094218
5189743780
5180110084
5189540650
5188982218
5188907143
5188808676
5690011452
2596186594
2668053961
2668602572
2739392702
6309519859
0027205861
6530111999
6539702671
2593547618
2738606326
2710561964
2722183854
2720930121
2710397110
2722053632
2720190500
1466544171
2669370934
6319798671
2721211013
2720195456
2720628395
5189322432
2649899069
2630317161
1638295492
2640281951
2678266168
2677668343
2670231381
2592610359
2720675385
2690668106
2680089588
0111111110
0317238345
6309349295
2709935422
1287804381
6300102610
2658954514
2650378239
2658950391
2659982511
2658994192
5709540021
2640312022
5709638412
5700148277
5709914223
5709944548
2640120395
5709396842
2631323203
2110736305
2630709231
2279729032
2279237180
2270181123
2270054717
2270083989
3962072535
2630855066
1464635714
6140000181
5899887435
4321016320
2620345847
2630996751
1463883021
7100042828
4285013932
4324145792
4285992302
4282933291
4284806114
4284992198
4400213730
4410246828
6159446290
6159811428
4371092950
4272362356
4285696010
4280514038
7080034868
4280756767
4270918391
4270699329
4285023091
0380923270
3379832561
4410154745
4410510010
2092149369
4410952978
6159079581
4410465147
2659639019
4371214185
4410123483
4410937261
4410559583
4410229818
0452411671
4410636707
4410144227
4410871145
4410173952
1532709171
0073949396
4410158414
4400224740
4323049323
4411003661
1638656959
4411010453
4411011311
4411236915
4411142902
4411011298
0071390588
0044533438
4411047276
0077789407
4410144146
1550412434
4410365770
2091999581
4411029952
4410686607
4370793009
4411091488
4410147102
5598927500
4410006177
4410103271
4410123378
4410369741
4410715216
4400291952
4400262308
4410400983
4410289721
4280399840
4400238261
4410771124
4410582089
4321213177
4410410385
6159618768
4410897101
6159435728
4410230336
4411111586
4410365738
4410101031
6159421891
6159613855
4410222333
4410948415
4411200104
0452403936
4410171240
4410731785
4371168558
4410231022
4410459090
4410237421
4410859102
4411123037
4410397011
4411116928
4400157245
4410859099
4411118203
4410951671
4410921045
0051850631
4410252021
4371209904
4411067498
5889418564
4410156616
4410255045
4410227114
0320065561
4410253433
5889896180
4410966227
4410332546
4410874322
4283851159
5399317532
4361042489
4360969082
4370852153
4371673864
4360997655
4371139981
4360409427
6159211889
0057121893
6159333364
5889893327
4410492111
6159743171
6159452691
4410319620
1370936621
5889417657
4410498770
4371209009
6159077090
6159089757
4280555192
6150113280
5899777699
6159049550
6159701355
6159702440
0046412964
6159210221
6159329782
6159873784
6159881442
6159819615
6159448730
6159182821
5889387049
6159460226
6159959085
6159872605
6159189336
4411201275
6159530909
6159546430
6159420356
6159425048
6159831542
6159833278
4400271323
6159848941
6159761161
6159855107
6159794450
6159846620
6159881450
6159454978
0053136012
6159433539
6159608101
5399366746
5670239717
1376918218
1380844363
1532588186
1370607768
1375840762
1376352631
2371963151
1376333511
1370746962
1361911921
1373737670
1373834528
1570834245
1377975101
2802640720
1360490299
1583128999
1375902210
1372137191
5679311100
1373538864
1602023107
5670042999
5670131721
1709957263
1375415964
1372811354
1465684670
1739189159
1374280690
1364055740
1377841472
1378138635
3990366858
2559363811
1379341493
0569412811
1366374487
1719457190
1380746310
1739824849
5198689947
1550390619
2753577730
2800311479
1700343319
0671429191
1360371338
1367160812
1689540591
1739693027
1370858825
1380617715
1360555021
4920258119
1374395390
1364603055
1364272881
1375335243
5450051212
1362723843
5559821871
6239277479
1370724578
1370859813
5678798960
6230090775
2991798742
1730196489
1288092261
6029090100
1381828051
0375364765
5050266270
5070500724
1364345511
2872018689
4869643162
3309312356
4199868445
1651839425
2800533498
1367532337
0682393509
5269040905
1951251644
1709270012
6259886632
1699840751
5049759481
1500432202
1502609630
1502624893
0027266230
2491055465
5198640158
5678700261
5190463737
1490808728
5190464288
1729577431
1720443221
2929032308
1720228851
6230005816
1728154685
1728103835
5050169917
3330861312
5050066093
5060224961
1570246890
5059232263
1530632315
2649302534
1530597471
1533008655
1520801874
1531953751
1531314491
5459209811
1670264149
3341185976
1672190916
1661047191
1660984432
1670771040
1672572134
1670186075
1460829697
6039150841
1453605241
1450931901
1453540660
1466169346
1671264037
0156345625
1630502871
1466805420
6860018542
5049917761
1450594591
1620045451
1637984383
1453428801
1466110031
0057682151
5040653581
5048930657
5049703069
6019886212
6019454355
5048797981
1639959467
0065000056
1639820906
2630077985
1583326091
1570151611
1570498377
1581038321
1570768641
5069289578
5060005143
5060071642
1689531371
1680376039
1680664115
1680180398
5070352466
0791404765
1950092666
1688765654
1541285409
1550389701
1552497240
1541328167
3848908621
1552145611
1541231287
1540475735
2940289840
2755768215
2754623035
2755012781
0112036139
2752637421
2751153038
2742442741
2753254567
2801293334
2851383477
2751773133
2750674999
2754263721
6370159786
2754856625
2755174048
5670018516
2850700010
2741238847
2754368531
2752795531
2753997160
2909081184
2959794656
1581947666
2910301923
2840973121
2840167409
2841075516
2909511863
2900074258
2909658244
2909662918
2909614662
2900137519
2900098416
2909145077
2959684443
2900067464
2900535931
2899418610
5060076830
2909177572
2900514592
2899970437
2900032571
2860092722
3256476074
2900321311
2900285641
1570577692
2801061281
4930270146
2803514141
2802959433
2790204144
2801263877
2800858435
2742411569
2791257640
4939560368
2910287521
4939936661
5070434535
2939244571
2961454026
2938256361
2939297193
2930394341
2938555581
2900434629
2900434637
2948929131
2919052594
4929338069
6409938675
2830366034
0682464902
6400257391
2791303502
2802400126
2803345961
2861313498
2860527338
2861266252
5089538042
2928759905
2929972742
2920442597
3720830901
3730266837
3253490793
3840470048
3850543791
6469828736
3720678415
3730443534
3722195195
3722184436
3731942135
3732315592
3781870677
3732233952
3722043360
3859514237
3730930397
5980076549
3720717127
3733229517
3721232097
3850046141
6460233551
3859658263
3839768691
5589293995
3801831779
3800046830
3801294137
3800446235
3800652560
6469946925
3762267650
3761790481
3762400725
3762468249
3750531196
3849705633
3840715512
3840016711
2888991251
3849337121
6468863333
4189707341
6469294480
3810154083
6468978114
3820152881
3780198428
3780384043
3780348519
3780698390
3790115282
3800784211
3801762025
3790619493
3801043460
4031311291
3800067463
3801231781
3800056070
3800592231
3934408060
3258894558
3241944476
6468943647
3257752431
3255824532
3258123578
3340987963
3257377096
4530351114
0048274984
3242563433
3253564673
3341287035
3319731246
3251778129
3256890067
3242734092
3979412921
3254950860
3255264863
3255540852
3250779148
3256676480
3230122607
6469037305
3370125552
5959525240
3230105176
5950169931
5959718189
5959618941
0940488582
3241662691
4530351122
3258310343
3360699599
3254806212
3970421233
3319264060
3309561402
3379747890
3369840936
3259205322
4590157853
3319785605
5969673994
4960197625
3330880198
3253674071
3350285414
3350113907
3359933567
3340456194
6410082509
3330869844
6410027389
6410070896
4199941517
3330471247
3330586974
3329313129
3330837276
4948939900
4940198103
3340290954
3258569177
3369887592
3254957458
3379666688
3329772557
3369620529
4940124959
3243692946
3369588889
3369854341
3360144309
3330551992
6169784865
3329900131
6169633565
6169810335
6169740965
4539355104
6160178326
6169838183
4723142381
4501075309
4500119477
6349624874
4500764119
4519870348
4491153485
4510013302
2000605605
4490874448
4491135800
4490661185
4500334841
4539359071
4530336182
4539806122
4539932527
4191040200
3340897441
4549449934
4559856397
3329978945
4491138680
4520202477
1750636352
4200133857
4208823798
3258096724
3932369939
4910563008
3309463621
3308938881
3309621553
3309232824
5849659900
3309782441
3309677249
3962456491
3309827097
4500767061
4539872060
4549910712
4510297051
4510206941
4549793791
4540236822
4550198982
4550197900
4559775771
4559947449
4559728720
4720554288
4539383469
4540270133
3874473120
4031992505
3800869950
3872307975
3873963787
3801119165
4051298809
3931432475
4051206335
4050303221
3873590611
4030206751
3873322110
4051676935
3800689537
3871445525
3874065189
3871279447
3873541947
3801926591
4031642423
3873480816
3873957477
3873229501
2295466563
3871586587
2738961231
0639449107
3871436021
4050960893
4540253573
0059050233
3872088191
3873633086
3622188480
4020647003
3871822280
4050828863
3874042111
3970093041
3875020448
3874061515
3790302163
3874044351
3920797477
0600645010
3992068633
3980036881
3990185535
3980149031
3990725246
3980422471
3992077241
3991163667
3991695243
3930622777
0381339351
4050033798
4051829626
4030158331
4040390296
5029781102
5029780963
5029631925
5029368124
4030093639
4030401279
5179520142
4020324204
4010488611
4010767928
4010196831
4011506613
4010727780
4010600837
4010279397
3872666436
3871100021
3860703757
3934336231
3932397835
3933995485
3931564576
3930233797
3932354168
3930763222
3932374916
3920340574
3933373093
3930103656
3931111377
3934673945
3933000920
3921067650
3920819888
3931651835
3874447022
3732356957
3970131537
5840049387
3979566579
3978533154
3978278499
5849762434
3978222711
3978256649
3978379368
4132293122
0071605932
4132253368
4132828621
4132316221
4131778531
4120617831
4130456474
1718623690
0044519486
4132847934
0600158470
0057614652
3932001699
4218404682
4130665911
4132883442
4218863431
4120338320
0450301788
3961477418
3961435480
3960718764
0066259711
3961843546
3960920806
3933290902
3962644210
3962632840
3961009503
3962270078
0053669274
3950454128
3962169431
3962166718
3962201238
3933260604
3961186006
3960959907
3962032118
3960691521
3961564787
3961769354
3962711971
3960964870
3960936451
3950291660
3950104062
3960222963
3960811772
3962275584
3960976542
3962448527
3960672616
3962613846
3962706925
3950509100
3961909652
3961097811
4208912091
3962430229
2295457009
3960349203
3960361521
3960008260
3950487001
3950567631
3961362114
3962391061
3960676476
3961106551
3961543569
4218907676
4170550129
5929987221
4170329279
5929483167
4848841641
4849902278
4849161820
4170846575
0559093136
4172344011
4849243568
4840159823
4849075223
3931832481
4072204552
4070797386
4072271209
5929563020
4071003626
4060919918
6130181558
4073334522
4071511028
4070811631
4859296737
4060409359
4070855572
6129800479
6129760027
6130072643
4070986219
4072681296
4189784771
1920671404
4061374761
4071017007
4072139440
4072828051
4071506369
4072800414
4071976144
2140673905
1818659921
4070961259
6129528825
4189180270
4189511821
4189084840
4188962356
4188837780
4180158809
4188832983
4189863815
4180159511
4859548302
1930156588
5929912327
4209677221
4209746614
4200476460
4209602787
4190149373
4190353401
4190121029
4199174249
5980257683
4199882308
5989942362
4191282451
4559633584
4191300520
1920980865
5980258833
4859905751
4859521511
1930178980
4859713125
4859508637
4859679881
4199315179
4190213993
4198755469
4199911375
4199926623
4199459235
4070353135
4199820711
4170230752
4171789729
4160611478
4160348408
4160221378
4849645534
5289696717
4073163264
4062052482
4850458076
4070623957
4189524875
4510308264
1881636844
1749052296
4840426260
1881376151
1757764550
2002803031
1754275583
2297866976
5980251901
1840874872
1753344468
1740229126
2000905390
1989050433
1841630888
1750847851
1755381751
5559780367
1930108877
5268458647
1899957790
1950122123
1829599461
1755570597
1752380274
4269484624
1755310595
1756972931
1840091509
1841831727
1841214388
4679309105
1840286881
1840516925
1840508485
1840577894
1840397292
1840034289
1830862431
1840673631
1830707884
1841529400
1841878340
1841866288
1841544442
5559209139
4688973268
1750377901
1755605684
1754384196
4680468688
5509842237
1651735085
4810784231
1754073417
5269011603
5260922948
1930529082
5260884396
4819885642
5269428857
3392053287
1988173531
5829823926
1743046189
1743862563
1990011081
1920964312
4161037716
2000712721
1991267371
2000930573
1950938905
2002987475
4990006518
1882340590
5269495899
1987519868
5269473461
5559594911
6629562951
1756322619
1751229051
1980784132
3933485118
4819727001
1755765800
1930388421
1920740848
1741404258
1988840511
1989223354
4070668365
4070598820
4859715268
1930292971
5268473451
1744180636
5559351911
1880881918
1930737051
1960475851
1971433160
6639945551
1972187562
1755830841
1970417013
1980551421
1861407289
1910664898
1911557572
1911633562
1870633474
1820758281
0532430808
1820242781
1911387774
1820104591
0322783682
1820014827
1820217329
1940265312
1815835990
1898619913
0946547947
1818146509
1817177141
4819542915
4819490443
5279598321
3309033848
3300022460
1819554309
5859695233
5260704002
0720060771
1950776905
1950143821
1820141594
1950924637
1951184531
1951148606
1951276681
6629980433
6629560566
1950582213
1950516415
0451138295
0452174831
0047214198
1861574363
1950762548
1950458301
1950927008
1815397306
0060471654
3244624677
1816042226
1818672251
1950302075
1940063371
6619713092
5859251955
1899571061
5859442661
1951188527
1898269661
1820010341
1860145019
5999971756
1951100220
1911081950
4723483365
1940541311
1861596421
1861062729
1861741685
1861233434
1819255670
2721474359
4250801063
4250339361
4250116786
4250130576
4240506492
4240542979
4250937992
4250924610
4231207941
4250721973
4268972188
4268814957
4268789677
4269460921
4269553049
5279353442
4269556994
4269517042
2529807329
4269729872
2450087966
2200058713
2390011748
4269456035
4269583266
5279639648
4250509052
4250498190
4269927046
4269665351
4269545781
4269495138
5129911148
2391569531
4269181435
4268974415
4269181257
4230222661
4268868021
4230075421
2293654966
5279316806
4260722085
4269237562
4269541539
4269479485
4269792345
4269443278
4250858626
4251084896
4250898458
6870017107
4268868925
6009753295
4230531966
4231770107
1209232413
4231055904
4221233966
2392111881
4230706911
2392109591
2451398353
1860880142
4231048371
2440688827
2287266917
2549287142
2298584451
2432392108
2283895928
2297312644
2292403862
2282964251
2529262241
2372021974
2529677204
0050576917
2296668879
2296274811
2296085407
2298071871
3520517159
2538967546
5469677117
6489811790
2291905139
2293011453
2433008824
1816799491
2292937034
1816754749
2282779010
2292452855
2297643160
2299770542
2298010994
2281230740
2281720985
2296320287
2299124470
4130627589
1819648575
2294457501
2540202969
2299933182
2301075990
0041638069
2299171487
2301553655
2559562073
1820855538
2295181811
6839766624
6839770400
2280660555
2293458407
2287877789
2420980549
2420757564
2420970896
2420582160
2433116562
2430284871
2420401522
2430989026
2430093405
2471049842
2410951155
2360039334
6810031812
2570713791
4061383213
2380896135
2559580748
2430553481
2431897291
2420973240
2432409711
2420905067
5150008257
5150021598
2292710021
2296009311
1753099315
6480036719
6480181794
0792032756
0780406001
2280794020
2549966831
2432968948
5460068088
5149546488
2291898280
5460158230
2280904586
2390276636
0921577613
2281271811
2280363674
0923530282
4250546586
2370664142
2370570865
0925667366
2432857461
2372375687
2390178960
2392254044
2380680132
4268793501
5479600011
5479773951
2371811173
3490546474
2361331871
2288218800
2452092401
2432669940
2285049889
1271445931
2281810615
2440819220
2440422207
2292098008
2570589500
2570156051
2570167975
2570800236
2572523612
2572098598
2570211281
5480180894
2529500827
2529915091
2529456798
2571360027
2529633770
2559074788
2450728211
2550047443
2559844699
2480749606
2491115581
2490073801
2411096569
2410979637
2410228933
2411174462
2410752691
2411373211
2538982707
2530030091
2411395833
2410949411
1209978873
2450803718
2400191931
2297790856
5039598191
2298277052
2471123491
2470833159
2471730698
2471677444
2460618761
6559871401
6559963896
2460173121
6559913236
2500538141
2510435175
2390106293
2297633637
5159399712
5159470352
5759621769
2239817089
2294712927
2301532453
3962126899
6490018667
3489304624
3489872800
3489980761
6468988284
3489912365
3489738942
3489743131
3489766482
3489451848
3490117451
2511203944
3500885381
1130828581
6109731064
3500461204
3569937011
3559827760
3549695101
3040400861
1816634735
3549167806
3569645411
6099881379
6090068470
6099701923
5329587824
3521247511
5320076479
6109576948
6109806005
3520186063
3530182680
3530022489
3530127035
3459770074
2649730218
3383184188
3440616428
3381246615
5379823602
3390882219
3641199980
1818440288
3500859682
3420626231
0638891337
4699817211
3380435651
3391715601
5279431192
4699386784
3392245895
0560016026
5379766765
4699222420
3380847062
3390388354
1818277832
3070985599
3421794642
1816924563
3459099100
1818869012
2669490311
3390952683
4699491197
3440135764
0938718037
3392400416
2142019153
2572344955
3440531971
3440141136
5540062914
3440411801
3440533042
3391735694
5549916711
3459571187
3381578677
3422087338
5860085850
3420928041
2803172321
3421081093
3380126837
3421443440
0600172651
3450364537
3459724021
3440154939
6089795097
3391552352
4690159734
4699056849
4699230393
3130376291
3392305294
3391303931
1817483579
3391995505
3390571183
3381331787
1261589742
3933668115
0050868764
0053893964
0439067456
1652296751
3440712311
4709944032
0532573579
5869929016
4321998581
4219616993
0063794942
5159142274
4700184086
0060475994
4700181885
2939906041
3469844011
3469617351
3489957385
3489375181
2739004737
2981054971
5839930857
2992153771
3199939651
6079906341
2993102052
6079500647
6079512556
6079498162
2993044850
5549902842
0941245276
3170029983
3179202912
3178841271
3179960027
3179551951
3179795417
2993100424
2992393029
6079787830
3090968029
1861615221
2992752150
5429761702
2982498901
3179423188
3170107501
3170133632
3178936963
3179451092
3179103337
2993435991
3090737353
3090564432
3520039656
3080268903
3090929554
3080121368
2990634096
3090566151
2991719001
3490481933
3080226291
3080141385
3080373286
3040229974
3051929522
3040487841
5839657786
2431893545
5539780760
3391593563
3190037507
3070769268
3060381887
3140021445
3149941857
3111063143
3209774919
3110648016
3110717761
3934834272
3111362272
2669670377
0311294642
3257625510
6050145504
3209688801
3209711968
6050161984
6059720609
3209976503
3030409473
5839765287
3021045529
3031260058
3020667526
6069798120
3160147975
5369915911
4699830961
6080052520
5369626928
3160462080
4723452982
5369633193
3130564217
3130562648
3120378496
5839475300
0651538149
3620905304
3621682767
6119700323
3701970572
3620138877
3590846038
3620089345
3620743800
3621196358
3622062347
6119654836
3621741291
3614073513
3360161076
3611092967
3670560688
3200142073
0027941711
3614702952
3020232198
3612635220
4430488517
3710286141
3620170231
3021022618
3611570591
5369882924
3674049139
2268875202
3670232631
5339097641
3710463335
0945637640
3620341168
1821057015
3719633039
3590702117
3700188250
3719539539
3710340861
3690393507
3710546567
3719452751
3719030822
5330493481
3701362475
3671894644
3701802882
0730760626
3690643041
6680167442
3700850484
5110750394
3701919615
6680028698
3701507341
3701488614
3690479401
3700724268
3701864527
3718888599
3581376172
3581956217
2092155989
6459496390
6820010141
5979777075
5259985214
5979603964
5970183733
5979515992
6990031131
5979763333
5258710718
3651797325
3640030958
3640013451
6459439656
6458784953
6459085811
5259916298
5259113411
5259699521
3591331341
5979081496
5259070321
6459645353
6459209936
6459519021
6459932298
5250253237
3620598711
3651185346
3651555852
3651690792
3640939468
3640425596
3690056020
3651481646
3640295552
0829628134
3641108578
5250342612
5979850023
3650700662
3650168091
3640564294
3640702573
3640516486
3670739955
2993144081
3670724974
3670620761
3674188007
3673430831
3670383255
2991476664
3670199675
3674294133
3672675431
3671535822
3674097656
3674330474
5339965171
5330024846
5330012937
3671719291
3673225863
3673054058
5338885425
3674344981
3673863843
0941619095
0937580554
0902035381
0920001580
0940784521
0919297846
0943304751
0858758474
0947224432
0935006397
3030644561
0939339358
0933954921
0939286221
0942254627
0938325841
0938441035
0942209516
0935439986
0941778630
0680174478
0943234581
0942901428
0943504260
3672212512
0054741300
5228047700
0920223192
0940596751
4199394591
0943097711
1063261473
2218790122
5229768959
0937897345
0850011231
0059442778
0920307671
0937673226
0938429183
0937718262
0942843193
0939649357
0942056795
0859420086
5739603331
0936033622
0923433392
0936122323
0732120764
0819099015
1818759039
0920758657
0941318060
0921545691
0933251033
2121501541
0839664060
2180764871
1829787616
0940462257
3670117946
0945350414
0924808098
0943409020
0204005655
4171961556
0732146283
0932906516
0945557973
0651838681
0933761511
0921430337
0889371601
0681754974
0931884004
6439483031
3620848211
0872265102
0859323897
0940834332
6449490853
0943576075
5539487281
0934530637
0936583193
0652204368
0925389889
0921960743
0933783264
0703407082
0944301096
5239903001
0939925826
6509978911
0901082546
5239944865
0939818914
0848747860
0934803013
0938585428
0922480885
0921022891
3622002972
0936818654
0933390221
0937949851
0920263526
0932026461
0946149984
0940928787
0945262639
0720532851
0036241431
0938801716
0935140964
0651772230
0919835260
0920134777
0924577630
0940322463
1061245721
0920536468
0920417639
0935011137
0849456126
0849210550
0849488869
0849908221
0849774853
0849063231
0942074866
0839438834
1910061311
0946950687
0946667616
0721769421
0920638635
0923245413
0923314555
0900157283
0920520510
0936043636
0944227181
0701196068
0944632297
0935632662
0945579608
0939401940
0933996764
0945178875
5749791051
5539983483
0920023622
6449640421
0942697261
0946209642
0920399606
0935139761
0920744702
0943008794
5749182681
0936997680
0923083413
0828321361
0944584081
0819124567
0819766747
0849899915
0860747281
0871037351
6358733109
0860505332
0870423878
0871512483
0871120781
0870306960
0873177967
0871715430
0945027702
0933378408
0946464103
0700642536
0933817509
0933366302
0920872433
0924303468
1375152191
5740113040
1061724840
1060250152
5749660133
1061646858
1063710928
1050866290
5749035018
1064039537
6449093544
1050474015
5249735215
0681293950
0681870680
6359545926
0670575712
0670434655
0681748745
0670392685
0682484369
0630242178
5240032491
5249340636
5249024610
5249689469
5249334121
5249124941
5319784503
5249743145
5240141691
5249073514
5319543611
5249743536
5249308619
0681446706
5919888288
0759479811
0759355320
6500033167
0859912541
6509467313
0700693904
6500089286
0703798294
0731196449
0731748751
0730407101
3370019167
0740262963
0749344245
0748866299
0749356121
0749775661
0749374713
0740170198
0828555036
6358918613
0680989358
0871618923
6519920525
6510163111
0901950701
0900893281
5729289091
5720073302
5729813937
5729305281
5729184395
5729970110
4900867675
0792627751
5209395571
0790295121
0790344971
0793471036
5739603463
5219631942
0902277197
0901600229
5729361432
0901233420
0901097233
0918675685
0889555559
0910088357
5629790951
0638881811
0638361907
0638696811
0638787505
0639910572
0639615813
0639612792
0639297277
0889671230
0933876696
0946304009
0888275625
0939889943
0880269650
0859885331
0850307910
0850044502
0858877031
0850244341
0652475108
0640174434
5230174315
0640548377
0919814859
0919560598
0918870054
5239749541
0640528198
0640447661
0651646529
5639893141
5639704454
3319961381
5639963018
2122729961
2112069349
2111129471
2121902538
2170521046
2122357711
2110275561
2249323011
3672545236
2111550124
4979568483
2110604107
2248590083
2110729082
2239781165
2122511044
2249017972
2249700117
2120781941
2240348062
2249192464
2249222657
2121088180
0828569193
2269689356
4879282091
3621996583
4888987785
0759615551
4889453644
3672772968
0730743306
3670215492
0075833115
4879371221
2063204047
2051115532
2061791522
0078711576
2063125041
4989360931
2064288708
2060901261
2051419787
2141045312
2064752145
2063169373
5689990868
2051844909
2064695230
6599636810
2064490647
2064663381
2160814921
5829481006
5829184702
2060571421
2051492611
5689902500
4988845443
2162326272
2162236427
2162611120
2259227546
2150238896
4322992625
5779734781
2259209920
2162234580
2259146341
2091284726
4988855430
5829746662
2060413796
4988890643
4988525384
4989843411
4989250036
2150033119
4980374875
4980207103
4989325400
2143097565
2142208932
2141367999
2130703003
2142332145
2143207451
2130686583
2140154843
5010720922
2142195237
2091107565
2090527773
2081179350
2162573598
7130007435
2081840006
2080770314
2092200070
2080581929
2080341308
5780029644
5789647995
5769812680
2090312548
5780000131
2092274211
3873899140
2090313331
2080698461
2090442093
2090437065
2090481749
2160171522
5829933500
0040540340
4839395608
4989914155
4988504311
4988516113
5799526074
2090250275
0672219727
4999329786
4999483025
4999821168
2229800388
6259850840
6259798318
2229347691
2200441894
2200058551
2181757259
2170765956
2170306511
2181217920
2180133324
2181299390
2181829969
2249122581
2200701055
2200652585
6270092477
2200058330
1273335171
5010478471
4990080394
2180709749
4830351454
6279321746
2708409573
4839500592
2200472609
6279672069
6269931312
4839532095
4839888744
0439031206
4839554722
6319625023
4839632383
0083378111
4390886088
0323895931
0946555532
4940011097
2219077802
0044942036
1639904956
4969848459
5859635516
1288328941
6209970877
0939874474
0933435592
0589924133
4322672051
1532691211
0421622237
3243414441
0050343564
1729000959
2200392915
2229144839
2140071451
4410174762
4898764428
2219450244
3520413061
2291376446
2296251749
5149770280
4989379985
5759646761
4650345030
3501097727
2909382291
6400156410
3800047764
3330652519
0069062145
3319584121
1971207901
1882029860
5269241005
1880955377
6639400480
5159762884
2511117908
2411580665
2471589510
2470799120
2451504366
2510608101
2510678779
2490570544
3520597691
3031334469
4430813418
3670648631
0920386970
2060615909
0924547359
0680126570
6509864622
2142309399
5689887501
0053028880
2030878911
2121244395
3490316967
0452558166
1710448393
0046951172
0559118805
5999807591
2511638509
2990593349
2900634891
1570296065
1289614806
2286936838
0731510445
2450277048
5239385459
3390458549
0600687074
4323976526
4889394771
3341649492
4322095631
3244624820
2181413177
3950209484
4310757979
1160373655
4072565970
4180287889
2539140564
4231228620
1720183325
3950251332
6079908727
4510291043
6419886864
1219250351
2299855165
1756723524
2570392650
0043678904
0074916424
2660200424
0532271904
4539339249
3170021915
0941121941
4272705849
4073575007
4070060901
4062514249
2140230779
1199172030
2669858351
4550217413
1370592401
3380132039
0310163501
0925426105
1600154311
1540939839
1229808957
3622024089
4231493359
6179454485
2360909193
3390543716
0491327331
4322970990
0041431006
4190013994
0041374630
2281906681
2170130098
4040521021
4131869225
1490335668
2181515468
0018759361
5389093259
5969497886
0253019966
6549820383
2800462469
3520400170
2181279284
6319541547
2181752771
2668896673
4062239541
0441433332
2296084257
3489888405
4609403986
1239844131
0072824379
3244049966
3651741419
3479257704
0151696896
4949025597
4849475868
2411007477
6410074506
0452265479
3392009474
2181310106
0036974951
4269577703
2470712165
3701434352
4231708827
0872907228
2061293271
4869040964
0936292563
4840076081
2181129908
0076367118
2755305991
2180896387
3800895870
3871866253
1730235034
4549906022
0919311792
0073720429
2802192906
3979414752
0062055224
3091094936
4722102961
5279294764
3130454632
1219591114
2471642535
5949495640
4180423650
0386101094
1261763114
1532980116
4312263701
3501317069
1699725306
2279216574
3873013509
2680001141
4699559549
4699525156
4699207855
4699459137
4699480411
4720838332
4699561454
4699736173
4699508081
4699807399
4699219284
4690261024
3421413118
4699047599
4699459552
4699480969
3422150811
4699245110
4699556401
4699632319
4699179037
4699545191
2739035799
4699194974
4699440436
4699529186
3420046863
4699740987
4699508782
1170670441
4699171885
4699036643
4699212794
4699157467
4699442374
4699204074
4699196527
4699203264
4699045340
4699540163
2929826258
2669975747
5280086691
4218853517
2279972931
4530080463
4849625541
4592167791
6139608678
2530184747
5849411062
2141785472
2679055489
3051652857
2180359322
4849949290
4579334329
3051065900
3530169196
2380006131
4849424635
0926593366
3310326713
3242709845
0052224864
4282287780
1951117530
2900005744
0047532947
0019813376
0012270199
1378781686
1752849310
0078525233
1950894177
3991147092
1520199562
0019697635
0312066724
4311386508
0380912376
1270646583
1272383261
0491481837
4670287745
6539930399
4284623222
1380779960
1362063770
1671488466
2899385496
4969377227
3979397823
4170887042
2889117324
1749659611
1840759097
1840803444
1840553405
1840382317
1950259544
6629790790
4269649641
2282549473
1382741472
1709575352
3871000698
4849434290
2283298751
2360432966
2471263951
2470811112
2460210711
2510842161
2992361690
4710255180
3421666547
2992108911
3149866065
6459130205
0819658571
2991133491
0702618209
0901463612
2050837844
2259170250
2259810071
5669214722
5199895389
6019323137
0053693418
1532776373
0010763589
0017120497
0480429243
0386428247
0051931818
0018813291
0060078065
0481384596
4400165922
1460896726
1467143340
3781393208
4311003854
5599552063
0380337495
0600714349
0371543185
2430521458
6509247798
0791742369
0311418562
0313293465
5599213722
0519841026
5719118160
0570093104
1270995650
6609510741
1110725949
6500087321
4670129260
4270160391
6159531840
1620098482
1290261458
2900125987
2900443024
2871170169
0937561258
3849214532
3790310964
4500189505
0922060347
0922311153
0933306369
0920377475
0921174551
0931287278
2680216989
0934079102
0690871211
6519945935
0791079392
5210146448
4189847909
1284811107
2750045630
0025468014
0013499912
4660550729
4450076915
3849802655
6469509703
3320145401
0946009491
0920084567
0923808752
0919864491
5629787160
5629809474
0452550459
4120367673
4859969286
4218520836
4189851310
4070608559
4208593059
4199950575
4268890432
2292583054
2529342083
2491368455
2282068051
2460379099
1600669980
2500515524
1377225798
5099930565
0312525737
6239718181
2592792031
1552649474
3838342860
4689069883
1830527304
1841664847
2001721765
3380458074
5549600501
3459774452
3440773728
3610163372
7560035558
3651332500
6279334244
4040429729
6470026249
4010184388
3931639649
3979383113
3960475421
3040189662
3040322745
0068206488
2592829385
5160125541
1531232035
1987987527
1262197279
0531140342
5490101814
1450910092
1465640118
2938912366
4540162314
0925595403
0670019755
0945862733
0926412000
0910161542
4209921734
4209708216
2292346842
2570672580
2530082634
2691560511
2121615105
3480173047
2051511284
0921691467
4189354971
2430099330
1375983301
1699520798
4969450927
3369535882
5269522977
1283507196
1882158288
3392372587
3380478644
3070480543
4050765608
3931108414
3960836929
3150189551
6359862727
0681647779
0680259260
0925515930
5219500740
0640672175
2181635781
2249087644
2050854560
2160048062
5000219317
2229335324
5799542223
5799668138
2181139911
2181070636
5799969456
0051741350
5799618920
2092019627
2219349683
2219037142
5150032425
2299952756
3620940843
4260743171
0622391550
2181108749
2181176213
2180560494
2181063419
2851850997
2938418744
5969720348
1930165366
6249481745
0035283505
4073023391
0069769281
5799482328
4170273478
4622709661
3252409992
3978942933
4678998950
4071349557
4170671589
2296478751
3549840111
0889489920
0025227815
0569326745
0550129499
4650746167
4669909861
6399522005
5349902326
4519623881
0920503268
0919372678
0924246758
0943837847
0931305381
0925875791
0922115761
0928032051
0922963967
0923411259
2511204878
5579475942
2678105709
6300073580
3620936188
2980703941
0670981605
5249223419
4879451592
2142353223
2143235348
2200057555
2200632401
2218868776
1159481288
2298195900
2620631580
2062919565
2180446152
2218744783
2909474534
1880606151
1229927182
0321583035
0602151211
0778740609
2180535163
1287053734
1756603391
3070686451
1090396546
1752077407
2296959091
3873757605
3440668754
5749779866
4281649131
4689895031
3874423281
3838667093
0492188173
1819525023
5249499341
6449671777
1170674895
2180490161
1652388338
5759444867
1361087951
0078466709
4200542110
5949562690
2269239539
3258017255
3933785529
4579323319
2180058454
2181384762
2928847030
5799900472
5369477965
2162222337
4829956380
0638780616
1861170841
0902620657
6249856978
5449786573
0050204610
2572131791
4282442018
1286677084
2181235503
4370264677
0035670487
0794754430
4410559397
6169863188
3871202584
3050820179
1699014566
4650360927
2470333970
2391766777
5499377065
2180604637
6479433580
6549476526
4071092361
2929409657
2294088379
5459812526
2181848191
2432519078
1652855394
2181247633
0065434641
2249526362
3257260644
2181048150
3256163351
3732600319
4360894521
4623204901
2180932499
2181067848
2722475294
2181334005
3500606482
4699163874
2181077789
3421752583
3358878211
4209177091
1816654523
5759856091
4218545596
4133265858
3500103618
1815824921
3559647215
0014899744
0041276809
6029481487
3660297682
0558901018
3500774970
1911366734
3559463157
3501299710
3500830668
2939125112
5579180160
4131679981
4209189596
4209243310
3380045829
3380892238
2981559591
5659968521
0061809942
4220349278
4848829860
2410724000
3718910551
5799521447
2181436770
4030955231
2181265501
5849573811
5588972201
0934668736
4209467049
2180535333
1620661888
1620457628
3500302351
3850422216
4121677188
2060387035
1990251692
1282732323
1602041903
0013192061
3673169947
3500219330
2739948638
5389108167
0621314633
3490055683
5749315800
3872619985
2062814976
6029762699
0601072200
6389741707
4198985804
0452079659
4132909441
6990119578
5449303513
3330386169
3411371064
2900184843
4550037261
3521149374
3480077056
0910020906
1841489808
0041815971
1911889265
6209729339
5679257521
3660404616
4070278737
1898678243
1160572887
2900383161
6130035470
4539663577
0026720116
1100054898
0073724114
0620312726
0670900801
3450099620
6589960046
0421990384
0569757967
4431250921
1753332141
0382038320
0014236478
5409847490
1378543874
0560105118
1271115662
1110786281
0558950280
1219531111
4321148324
6449476443
0924976284
0927712482
5579134452
1219445371
6309384953
5970034207
3933141389
4880183512
5709575011
3590933951
1289296391
2993622269
1111716854
2296816339
0828732299
6649431567
1451098502
2142784976
1378426622
0451934725
3620377121
2162120161
0034570659
4282057041
1158968221
0072049057
5629942956
0111711339
1860731414
3360083891
4200174502
3970099978
0450200027
1530684250
5159680561
1720220964
2630244792
0630259534
4990018982
2295705738
0311931901
0828865574
1750703981
4281985700
0081428812
0439363055
5659464947
4622951886
4988764753
1273243714
1276120664
2961333385
4191319248
1292699566
2700153685
1730173561
4371447589
1090334710
1533017255
6649419346
1080335102
1080002324
1080340351
2420929391
5459855616
1860601170
4830162481
2679694473
4591827021
0045022321
1754896596
2949608809
0051899485
0322156238
2091792081
4849515932
3360239301
1289607230
1284740366
1283380846
5010155631
3420349955
1640004831
1820131521
3920260015
0311026036
6109893676
3179784199
2180557655
2594436194
4191276646
1652336133
3970236800
4430538360
5909959093
4160346235
1199962511
2899861417
3251509411
5420009560
3258079110
2450883444
1361007133
1364670402
2400410471
6500102908
3430213606
1910133736
1861240821
1210139911
4190887420
3350254365
6500067649
4210424021
6629558030
4950116169
2660488071
5320058071
1570204659
6660776184
0926902695
2840864398
2630082792
0016816943
1718986017
1880698471
1190237611
2450643044
2090227737
4360165897
4829977345
2281810305
1698980833
4250281345
2281309827
0045024979
1090636644
1080091467
2753880158
3933980062
5159752961
1729562981
2050630131
4580047974
1219627925
1210008858
1210005530
2830317823
0921296789
2298250928
2291588230
2431198911
2570315362
1710016264
5459767903
3440910229
0680008977
2871416079
1638456501
3242978145
1898827443
1189562456
0932079385
1380271789
2899676938
4621504029
3360220579
3360114401
3801488810
3520807653
2296614752
2060868688
0792474643
0014421313
1381031315
3020418593
2270057910
2090693851
1820207676
3479958435
4220922474
3350021387
4490963025
2282798791
1815670088
5230097620
1170758363
4433150894
0759451524
1570502031
6619925901
4819141686
1990813011
2130463878
4540301020
3980374971
3150651001
4610741210
3330439645
6790048146
3980365301
3921105080
5040496427
1639359710
4610696967
5139872765
6470054889
6619854443
5229714824
1451582463
2160905887
3391457376
2360567683
3875945050
4170946987
2283305535
7080047331
1991236670
2460330022
3620222037
2080840071
4500317341
2420782143
0310356768
4323023537
2530103739
2450245073
1640030298
4051663892
1630182001
4160650740
5279958123
3391689511
6160215582
0373411121
4199944958
2540133762
5909939548
6620148239
2900476240
2582656399
2400516383
3242598407
2296247601
1462180337
3674207125
3140035225
3300129893
6130154151
4133062515
3255889375
5139371537
2710390663
1820005380
3651907031
1620191466
2240458402
2983443795
5620086690
0491817894
2200027079
0063877317
5989840381
1960496174
1861297262
0024047503
3861515504
1570026874
2710194791
3770242467
4073239831
5149654388
0012098787
3411030216
0960644482
4031544405
0017917069
3120482285
1361483563
2295882516
0037619756
3256296246
3031319664
3209978794
6009787351
5000098153
5379769470
5469788075
3801233855
3031677821
3031008278
0872537625
0038873257
6219704738
6189816207
4250958558
5458968514
2299432493
5159159142
5159091361
3149457361
0019429517
1717843514
0046700994
0023978686
0023738715
0019625952
0025820850
0451765842
0150018266
0018427979
2051251371
1464988218
0610251661
0014675110
0016914600
0013928090
0025240404
0021034915
0010137203
0018881440
0942256654
0062497308
0017867762
0016292502
0012581089
1652351760
4890292251
4560394407
4580353757
5939958621
0610009796
1261262735
1260708985
4610939681
4489773722
2753751651
3549495374
3560142377
0921915705
0923019294
0947023887
5740051347
0901974961
5729481217
4219613218
4209931071
4231342441
2291577956
2293931242
2451641241
0074696491
2451602635
2451486961
2451401826
2452113417
2559197154
2500136639
5159048189
5159141510
1717921027
3621838198
3733020359
3860421751
3080285751
0671081861
0759607400
0820504890
2150240661
2091872067
5188802724
2870457685
2949750494
2248564066
5799447451
2708856219
5489684364
1819627934
3131116293
5198018082
2678775372
1751791572
5048961358
4669687441
0622153854
0901900079
0870231510
6469333011
4172425704
0059226145
4371420249
0076316408
4010496673
0519676831
0045643921
2301593932
1970526688
3732861961
4869446561
2431308820
0057662622
1987781570
3579724282
4650753503
3990045415
3820010432
6399887577
2170032861
2754243496
4030006000
5129963342
2161726838
3051433608
0919495354
2061099491
5799396431
1111624860
2291529846
0052655385
1260644030
3350084109
2539779808
2450094652
1730127967
6050157650
5950151305
3381362046
3411048840
2142766390
6920011093
0440846064
3242020741
2670286860
6660403981
6760008782
3459569451
6320071311
3490095030
0314140514
2200764448
2380480461
4819036661
1451258410
1370903790
4060401854
3859466313
3021108776
3460086653
1160336776
1570447349
2080891405
2288353376
0062922841
4879358975
3872139169
3510016981
3850251705
0049367595
1729768911
0047886552
3875083768
1819513513
4323197667
1374322830
0819587291
3242439163
0450764745
6189518087
2659297614
0020641885
3838794281
4699787649
2430557819
1930569394
2971718999
1988633771
5500005294
0044236255
0062484133
0032127863
0839370598
4469582905
0453092179
6219312661
5669521420
0022774041
4622122138
2971818667
1709183632
1708638377
1699483841
1699538514
1698936680
1698793340
1699720428
3930263483
2284786413
2511512841
3052010255
2218756927
3591479454
6359641763
6359441160
5469772659
6359589737
6359461757
4283776602
2050071086
0200847651
2000011942
0024028592
0013330772
1540158594
0200184687
0453188249
0043519822
0025206869
0453118836
0015383741
2709259826
0033373140
0014693097
0321185595
0021112606
0024745715
0490695299
3950517391
0037129600
2150020106
1063163331
0012961353
0017002281
1533433011
3960200765
0380696169
0072941952
0014935139
0024787310
1219604267
0039627403
0012711268
0533583306
0070193193
0072975008
0084268239
3934270395
0453112730
0453099122
0439137098
0073525499
0045301115
0017969311
0430201001
0430197527
0439393892
0439916852
0439422655
1651105901
0150365861
0151176086
0012665381
5560823491
0012748218
1219685593
0048131407
3871060348
3369477904
0076414620
0533494079
0620169184
0621746266
0622004158
4170918320
1816267252
1209963396
1381379680
2754528741
2753468907
2938952740
2753016488
2800551887
2830443357
2830653904
4929742609
4929634075
4539267167
4520060141
4529755193
5329897866
0810235617
4189040101
4250030261
5999582512
5159834419
5159608222
5159962921
5150260861
2432757580
6489850192
6489947897
6489935309
2451876247
2450760164
2451888830
2450884671
2470447178
6579617748
6570113321
1363559907
1717546821
1709488387
1709212535
1709766271
1699487431
1699543089
1698720361
1378267028
1533189609
1741788951
3111564541
3690648998
3674431033
0023269731
3874544176
3040461516
0759115508
0829421289
0829529314
0670455301
4979103502
4970282161
4970376921
4970354251
5680070049
4171382701
2738682324
0024014710
2140596031
4989436636
4011283738
0048723940
0420469354
1111168040
2870256191
2938493551
2490167855
3391422696
4072987476
6458986963
3701938921
4433261645
2529676011
3569418634
2121492445
2450880976
1284204618
0066196841
4171093139
1061839362
3651493628
0036429708
4198935858
2030305014
6219804538
5099786286
5719181660
0939255571
1280842040
0720013089
5989955715
6559379851
2631737768
1671715772
0872461300
0050196375
5759713051
2872391258
2451642769
2592629726
1380408547
3650076012
0061728081
4130894005
2292367246
1638502943
1719723206
2140145550
4072823759
3990452711
3874437523
1689856122
2679890434
3131281618
0075882205
0901489530
1752657144
0790931532
0940904047
1718132603
1690427086
0064860779
2595189034
2668264278
1816819255
1460756878
4910782664
0039690555
0043239102
1465497331
1270940031
4988586537
0490770010
1362316385
0024728217
0017318211
0620423331
0083511326
1651901406
3991323990
3870978201
6149811530
1464136068
4285941678
1620977435
4032059454
4371190790
6029904655
4219550267
0530720167
0031150675
0072804173
1219715328
0016587944
4323156294
0779387211
5098944971
0041768280
4370018536
5389126467
1376911833
0035122218
0039033661
0051428733
0493051619
0014705532
0016031237
0024329452
3992191788
5879649067
4371969623
4910572112
5609522080
1652747737
4282642599
0044752725
1552265226
0480578265
1120023688
5199360078
0601506839
3991499150
3873298775
0519666453
5919302453
4051269183
6189630995
0033325723
1466643617
0046064192
4911068701
0603031188
4910815082
4911267501
1380639328
3990801023
3991997215
4171493293
1651912017
0530415534
5389734114
0601486250
1530835097
0051755211
5939597947
0054053757
0041918622
0601090731
4897925096
0490536972
5198908411
0638732190
0035906677
1532900988
0602675626
5389021312
3871862355
3992300560
3360154444
4900500216
1652924477
5209734765
1533736820
4131670461
0052142213
3960277644
1463687028
0600887324
5719365974
0044747901
1063138450
1464865469
1651209464
1531526871
6189731260
0045932271
0049287206
5458805135
1466256184
1463996527
4283713295
0054066166
6139602432
1652364099
1090137011
6159025775
3872210531
4031508042
3370069717
6599624669
6599747620
2121324062
3309310329
5359771275
0933101848
6359068281
6249491015
2091312843
0944886043
0450694631
4072573906
2051203377
0019593074
1362695513
0056132867
0048438995
4020320470
5179055954
0059020229
2090964022
1757933158
2142082981
4600112865
0059422904
1971265764
0047360178
2288339896
0603277225
1531857541
5790025048
2170443339
2620990238
3430594642
2170671102
0531437248
0034788328
5719405836
6199375823
3501549997
2030609153
0558350933
5910196170
0038965410
1719789789
4520093015
0820477826
2142031315
5069253034
5069683901
5069683421
3932934067
3580017901
0558551671
4240357578
5079159286
1881842568
1466657812
6259806051
0032788851
2594598623
0421268883
2803116308
1570546118
0602080916
3873476576
0600860310
0589279971
0601950471
0601944119
0602675499
0558857604
1520537891
5579907826
0039431908
6359064782
0919678823
0020142617
0015962806
0026037505
0021965498
0410582700
0069514704
0020871902
0010006801
0024051462
0021728577
2721252224
1602616310
4569379230
0310535379
0602129028
0602741173
0602183741
0383996589
0602693871
0602984572
0531497690
0621067881
0558457851
0559720157
0558842771
1090962010
2959740361
2803520311
2830819152
2830486900
2830424816
2830301730
2830220064
2801935271
2939526974
2920471864
3849445054
3520299089
3539356861
0923829563
0923939679
0924860227
0760457352
2296448631
4130774001
4240185459
5509958049
2430608804
2460014457
3530098061
2730088121
4321033020
1739729579
1361807636
1698959222
1699492565
3252613999
3253910301
4960288280
4969902364
3420373821
3700472919
2110670878
4032113701
4979471862
6269536723
1988766680
2281970728
2060651913
0730087549
2141291054
2143240007
1620494248
3252840847
0053200632
3391883812
5259772369
4939897745
6299869232
4323496206
2959617304
1739165403
0036774944
5309748695
3050452821
1582850313
1620741989
3257886489
4231479161
5739491061
4430490651
0681190851
5729441010
5259673638
3252003287
0056502664
0057851972
4209780308
5539953118
2938791951
2649248051
0944325572
4322444512
2450453660
4559822001
2031969481
2850885770
1752142152
2283159679
0791201597
0791200965
1062389476
0558249787
6589852561
4010921072
4172272495
2939095450
0058228160
3874206602
4280355789
5589631793
4011505668
5609754925
5020114421
4900577146
5599981517
4010835141
2708580507
4910509887
3256033873
1376967286
3960477538
3960750242
1060391831
1379605156
0038818779
6339357751
4010987839
4720611427
1816601901
4848944961
0077038436
3800602474
6019359174
1651015961
0602100641
0033762971
0602172969
1950760571
1379670489
0492960313
1533150850
3978736179
5649548382
1600183931
6029695721
6038580042
4579766113
3991527545
0639127916
4130232541
0410369179
4979734944
6289782258
5829773708
5129616022
1142015701
3520870169
4231888620
2950097103
2130218113
6419642868
6039510153
6459409943
1490356983
3460163720
0024593532
4622874751
1281762202
4901193015
5259279719
3751251359
2620355370
1190453436
1570669988
3821493798
4060830062
2130570593
2293906426
3060518610
3469850194
3781973069
4221348127
0760077568
0880773898
2181208980
2181433240
2170426981
5799899989
0720301491
5790037658
5718884188
5860145411
6430026191
3579936476
0720589274
1747165247
4260032968
4281454101
4491076944
0021338371
2268900576
5379613586
2371068381
3460128763
0681809868
1270537628
2170353208
4011552291
2260020208
1757158839
1365644316
1367991544
1360779841
1365515451
1988490731
6800173487
2430572648
1361717920
2430859114
4850015166
2130329446
1717600972
6178916426
0083935096
0492951624
4710758875
5449516037
5449515006
2030608246
1551142775
5069704508
5069742108
4070573070
1988838819
2142630138
0730077217
2593535271
0439824291
2090652901
1719318794
0602760062
0602073480
0579493891
1380495172
3674007487
1375072269
1500702773
5459594987
1580135609
1581637926
2750935636
2830364740
2830381289
1910433799
4070848053
4208128240
1740185102
3539594019
2372731181
0919256041
0059527773
0453135552
0038735180
0042332060
0200071661
3873639777
0385531753
1219708712
0010451404
0023783109
5719593071
5449536135
5719658114
5449176791
5449735359
0600807924
0600847209
0600592456
0600805761
5449490224
0550150218
0620888891
0521257662
1271674831
4370242101
2900170664
2830649974
2889201570
0943270154
0926070703
0925728780
0926515993
0923709398
0924425075
0720032407
0721089021
0740241281
4209572055
4070905251
6129696841
4072953520
4131308991
4073433520
4209727318
4070413138
6130005555
5929782369
2293971961
2432704746
3590715154
2659483175
2631299833
1374370134
1374741507
1374688851
1381160001
1381178405
1360445994
1490336362
1570606986
3874201791
1580088619
1581518641
1552853535
6239725897
1880299534
3380146455
3580251724
0750062428
4979440746
4979568092
4979983057
2030343250
4979546129
4979879047
4979636586
2030611336
6279714837
1378919394
2181754829
5849725822
2739073968
2000541186
1670388379
4073144601
0936902701
4280837651
2752579160
4569493149
1291806318
6159980181
5749283593
2030323756
4591226808
4032163847
2180582511
0062483511
1060418355
1379011604
5309778292
2061000231
2140553810
2142837050
2031144022
6479738217
3410805532
2259667325
1451548427
2110958553
3662154196
6189754147
1580022960
0016756622
1638664641
4910141936
0038669366
0453179691
5449629389
1728813069
0039077055
0047504749
0037651331
0038531623
5719546138
4910806652
4979750389
4979493866
4979765262
3962328017
4979299350
4600084551
0313956928
1571010122
2111119571
3469876770
6780075302
2660218331
3460380144
3460154233
1140810618
1363642146
2983605991
2142393810
2142091611
2131614136
2051410781
2130853587
2131255209
0073853623
6320088737
1582706972
0533476488
6389595931
0017325714
1460542509
0016397525
0439274151
1729700829
6189642152
5449263317
1698530595
5458920686
1580098691
4073289195
2371665551
6639932210
0022616871
2940093229
0559073771
0558750631
4432413174
0927261030
0780584767
0011309083
1381457479
1361723343
1580068073
5069201662
1970850981
6639410656
3380268208
3612041037
3620969922
3020730627
5239247331
4979217273
2031273884
2031236334
3673107356
2668495611
4898346553
4051813037
4829916834
2570551465
4949185098
1602246203
0793894786
1621525333
2860085432
4231688443
4371653375
2001734352
2299088326
6038603077
4910705686
5459782082
4050293102
1820016900
2529973441
2030612601
4699460372
0558689183
1229116168
4160320953
0759256731
0731845951
0638460948
2031368370
6289794833
4979492886
1379286085
2130124267
3350388711
4200264579
4689922799
2130177956
3320020692
5110725950
1363379232
2549833104
0020839103
1371401357
0935909877
4979968406
5189502171
0871718367
1582336946
1360737642
1698943369
1729217826
1750737698
1063844029
0021696561
4449157346
0075495708
0480273456
4560227020
4580009096
5449707088
5449352182
5449421613
5719498974
5449615681
0521726107
0579763870
1272191516
1960139746
1271630771
3839228441
0935048197
0924178531
1688750444
1379444993
1708592075
1719271178
5459253691
5459473470
1552025764
1580406238
0928573109
2030341932
4979672434
4979566235
0794272150
4979540864
6289208624
4970252238
4979191657
2110044705
4979139851
4979894488
6280168476
4979537863
4979132480
4979156762
0492737428
4970424020
2110072962
5910076264
4188841631
5369776891
5749007154
2030970891
5989858582
5819804821
0043609023
0044021747
6179062323
0015571289
0014424533
0370649958
0014284537
0014371073
2110088427
2020242451
1466946083
1709335289
4979066526
5459303303
0076716082
2991431407
1708602003
1502762072
5159321209
0021174938
5449324170
0579611108
0579356183
6330121842
4490278179
3549898053
5458962761
2031467468
4970099091
4979295673
4970008884
4970282420
4970446342
2410070868
2511402653
0036443417
1533220913
1159534942
2593349093
0384178707
1689803916
4579707486
0044029055
1490182871
0533548421
1371870391
4420467411
4970333920
2030621668
4979092969
2143213875
0579678245
0570048796
0579764877
0579437973
1728517567
1689294922
0638456101
0521008301
2860635688
0925880205
0922941297
0924579773
4250254887
1709627174
1581200201
0939852446
3961843651
3821055154
4198423751
3319297376
6468970776
1717799299
0421994991
4519975123
1602402698
0452863163
4240034639
0630042837
2283496292
2282295641
2539025331
2300257408
2581636033
1719717583
2064141081
3421095663
4848710901
4668929301
0579903524
3251748653
1720097720
3469898111
4610596377
5519617503
5609856736
0311446604
0320602133
4898582834
1090432216
1371188432
1380499836
1729162568
0923431381
0934307628
5929570248
4189434264
4209534781
2572007657
4410515535
2510692275
1709546026
1639463704
1580341594
3673116479
1717983634
6099789235
2298814341
3932727754
4050223813
0942242688
2063649669
3650269211
2269807146
3256059287
3760674860
4201071405
3382132591
2581496630
2142976433
2240122676
6629702166
4989109325
3731825041
0067070086
5399459124
0639559506
6599378757
4849240380
2293765229
4131063107
2031047787
5069616692
1600266762
1639490361
1360634371
2090683937
0519595556
6109727733
0931536431
0928118029
0872474046
2299706135
1271042665
2669819273
0934999473
0944520855
1754659926
0532193350
2593324708
0047975261
0871045184
4668759600
3612794086
3380248290
1275376908
5609476534
4220552421
0534164341
2294929861
0451401689
6009871778
4669875701
6109731102
0778711978
5929715858
4240024781
4240023394
6000092032
2471626505
3309492771
2240106077
2200283164
3621769765
5830085151
1840590114
3469964051
0920513581
1570880948
4989369718
1091743924
1229985107
2620323894
3610606142
1881724204
1111255393
0025105655
5719680756
4579945441
4829774150
1850662096
0490428630
3358634965
0055226991
0017588650
5388541444
2580502947
0014221993
5509916052
4210398780
6600126728
1051645964
6450326085
1275619037
6740046905
2288607981
4611478106
1210152363
3050784581
0013127470
0441102158
2560262681
1170080901
6579717750
1899492100
5309919171
5790023363
6139760526
4073591231
4070630554
1361431229
2081626322
4190168661
1951117719
4870593424
1870649958
0921373554
6630100832
6800090832
1570299145
1490469885
1940171271
1920363726
4610541688
1743390718
0025635451
3490803019
2721929852
3061269762
0082823782
3800974029
2850981168
4250628401
5490205776
2361181495
4311660219
3978854651
1870297008
6800015075
4060770949
4061243306
4061289969
4061297538
5799985885
1540614646
2596087634
2451691808
0023949066
4899811179
0316501735
2421160820
6600250488
0780826620
3970168686
0590539655
3243521947
2490468871
2680226887
2680229071
1751934845
0023913241
0066850770
6038729283
